
*#*#*#*#*#*#*#*#*#*#*#*#*#*#*#*#*#*#*#*#*#*#*#*#*# -- OASIS - 2013 -- *#*#*#*#*#*#*#*#*#*#*#*#*#*#*#*#*#*#*#*#*#*#*#*#*#
00888080808880888880808088888088808888808080808880808080808080808880888080808080
88080808080808888808080808888808888808880888080888080808088800088808888808880888
80808880808080888888808080808080888888888088808088808088079888000080808888808888
88088808880808880808080808888808088808880888080888880808888798800808880808088808
88808088808880808088808880808080808080808080808080808080888777888088808088808080
08088888088808080808888888080808080808888808080808880808088977728808080808080888
88808880888080888080808088888880888888 18888888088808088808887717188080888880808
088808080808080808888808080808088884888  3888808880808088888887711 8880888888888888
8080888088888080888880888088888080877881   8888080888088808858871777780888080888888
880808880808080808888888088808880885 880   0888888888889488  88877777778888880808888
8080888088808888808888808880808080877080   1888888884      8848881777777780808888888
0808888888888808080808888888888808877881   8888              8885758877717171778808888
808888808888808888808080808880888827788               7888887878887717717771888880808088
080808880888888888080808080808088877288         7588888888887877777777777887888808880
808888808080808088888880808088808277887    7888888888847777777777174888188880808888
88888808080808880888888808088808877788   8888888884777777777777171888888080808888
888880808888808088888880808080887778808888884777777777777777771887778080808088808
880808080808080888888808888808887778088857777777777777777777 988777788880808880888
888088888088808841528888808088877788887 777777777777777717778887 7 880888080888888
8888880888880857777777880808887777883 77777777777777777777988877777808880808080888
88888888888082 711171778808887717887 777777777777777777798887 77771888888080808088
08088808888887717177117888887737184 77777777777777777788817 77 77 8808088808088888
8888888080888771777717788887717788 77777777777777 718887  777787778880808088808888
0808888808888877777777888877117481 7777777777777788881   7798807728808088888080888
808088888888888477775888477177788777777777777 1888784 71888881 7 88080808880808888
088808888888080888888887717177288 777777777778888 88 78888847777788888880808088888
808888808880808888880777177777888 77777777 78880 881988277777777288880888088808888
088888088888888889177771777777889 7777777 78889 8888877777777777788888888888880888
808080888888477777771717177777888 777777778089 788877777771298277888808080808088888
880808088577777771177177777172888 777777 8888 7088777778888888778898888888808088888
888080847777171111771717171772888 7777777888 77887777988882884778888888088808088888
8808882771717777777171777171728887 7777 9881777817788883 788777088080808080808088888
8880887111777722577771771717718089 7777 888 7778774881  788077788488888808088888888
8808877117798888888877717771778888 7777 889 77 847887 7 888777888808088808888808888
88808771778880808888897717777788882 777 884 77778887 777888777808888808088808880888
88088777788808080888088771717778088 777 8827777 888 77 4884770880808080808880888888
888085778880808088808888771771748888 77 289 7777 80 77 888777888808088808888808888
080888 088080808880808088717717788889 77788 77777787777888771888880888080888088888
88808878808088888080808082711717788089 7 88777777777777888 79888888808080808080888
088808888808880808888808887771717708088  788 7777777777888777 77288808080808080888
80808080808080808888888888471777177188887 989 777777777888777777  1880888088808888
8808880808088808080808888887777171177888887887 777777778882 777777 788088808088888
80888880888088888080808888871717771177788880887 777777 8888 77777777 8808088808088
080888080888880808888888088777717771717738880884 77777 28888 7777777 18888080808888
8880888880888888888080808897171777777717774888888  7777 80880 777777 08080808080888
088808088808080808080888887777777777717777774888887  77 080888777777088888080808888
80808080888888888888888887717777171717171717770888887  7788888888888808080808080888
8888888888888808888888887717717111177171177717778808887  48808088888880808880808888
808880888880888210888017717717777777777777771117728888887 088088888880808088808088
080888888808880827 777717177777729000004177777117778880888 08808080808880808088888
8080888080808088880777777777488888888888888477771177888088898088808888808880808088
088808080888080888888880888888880808080888888847773778080808080808088808088808088
808088808888808880808888888888888080888080888888077774808088888080808080888080888
080808080888080808080808880888088888080888080888888777880808080808080808880808088
80808080888880808880888880808088808088888088888880880 4880808088888080888880808088
08888808080808880888880808088808080808888888880808088898080808088888080808080808              
*#*#*#*#*#*#*#*#*#*#*#*#*#*#*#*#*#*#*#*#*#*#*#*#*# - MASTER YOUR ELEMENT - *#*#*#*#*#*#*#*#*#*#*#*#*#*#*#*#*#*#*#*#*#*#*#*#*#